./dataset/0/2018-03-29-23:04:50.png   1   [168  35 136 136]  6 

./dataset/0/2018-03-29-23:13:58.png   1   27   20   78   78 

./dataset/0/2018-03-28-21:50:12.png   1   66   63   51   51 

./dataset/0/2018-03-28-21:50:12.png   1   55   52   127   127 

./dataset/0/2018-03-29-23:13:27.png   1   41   6   72   72 

./dataset/0/2018-03-28-21:30:32.png   1   121   14   155   155 

./dataset/0/2018-03-29-23:14:46.png   1   25   41   73   73 

./dataset/0/2018-03-29-23:13:37.png   1   43   30   69   69 

./dataset/0/2018-03-29-23:14:54.png   1   14   28   77   77 

./dataset/0/2018-03-29-23:14:08.png   1   46   11   85   85 

./dataset/0/2018-03-29-23:05:08.png   1   149   68   63   63 

./dataset/0/2018-03-29-23:19:13.png   1   19   18   92   92 

./dataset/0/2018-04-01-10:01:19.png   1   72   14   44   44 

./dataset/0/2018-03-29-23:15:07.png   1   39   21   77   77 

./dataset/0/2018-03-29-23:19:54.png   1   15   10   81   81 

./dataset/0/2018-04-01-10:01:26.png   1   9   4   94   94 

